isamp	adc	time	tot	eoe
0	4779	16980	0	0
1	4777	16981	0	0
2	4778	16982	0	0
3	4774	16983	0	0
4	4777	16984	0	0
5	4777	16985	0	0
6	4775	16986	0	0
7	4780	16987	0	0
8	4772	16988	0	0
9	4777	16989	0	0
10	4777	16990	0	0
11	4774	16991	0	0
12	4777	16992	0	0
13	4775	16993	0	0
14	4779	16994	0	0
15	4780	16995	0	0
16	4775	16996	0	0
17	4777	16997	0	0
18	4772	16998	0	0
19	4781	16999	0	0
20	4775	17000	0	0
21	4774	17001	0	0
22	4777	17002	0	0
23	4772	17003	0	0
24	4775	17004	0	0
25	4777	17005	0	0
26	4779	17006	0	0
27	4774	17007	0	0
28	4772	17008	0	0
29	4776	17009	0	0
30	4775	17010	0	0
31	4772	17011	0	0
32	4774	17012	0	0
33	4773	17013	0	0
34	4773	17014	0	0
35	4776	17015	0	0
36	4771	17016	0	0
37	4777	17017	0	0
38	4776	17018	0	0
39	4777	17019	0	0
40	4780	17020	0	0
41	4774	17021	0	0
42	4778	17022	0	0
43	4779	17023	0	0
44	4775	17024	0	0
45	4780	17025	0	0
46	4775	17026	0	0
47	4777	17027	0	0
48	4775	17028	0	0
49	4779	17029	0	0
50	4777	17030	0	0
51	4773	17031	0	0
52	4779	17032	0	0
53	4774	17033	0	0
54	4780	17034	0	0
55	4775	17035	0	0
56	4777	17036	0	0
57	4779	17037	0	0
58	4773	17038	0	0
59	4780	17039	0	0
60	4782	17040	0	0
61	4775	17041	0	0
62	4777	17042	0	0
63	4776	17043	0	0
64	4774	17044	0	0
65	4778	17045	0	0
66	4769	17046	0	0
67	4780	17047	0	0
68	4773	17048	0	0
69	4778	17049	0	0
70	4781	17050	0	0
71	4777	17051	0	0
72	4776	17052	0	0
73	4775	17053	0	0
74	4775	17054	0	0
75	4772	17055	0	0
76	4773	17056	0	0
77	4778	17057	0	0
78	4774	17058	0	0
79	4777	17059	0	0
80	4780	17060	0	0
81	4775	17061	0	0
82	4777	17062	0	0
83	4775	17063	0	0
84	4783	17064	0	0
85	4833	17065	0	0
86	4999	17066	0	0
87	5265	17067	0	0
88	5398	17068	0	0
89	5398	17069	0	0
90	5359	17070	0	0
91	5278	17071	0	0
92	5189	17072	0	0
93	5091	17073	0	0
94	5009	17074	0	0
95	4943	17075	0	0
96	4898	17076	0	0
97	4875	17077	0	0
98	4856	17078	0	0
99	4848	17079	0	0
100	4834	17080	0	0
101	4815	17081	0	0
102	4807	17082	0	0
103	4812	17083	0	0
104	4814	17084	0	0
105	4808	17085	0	0
106	4805	17086	0	0
107	4806	17087	0	0
108	4789	17088	0	0
109	4788	17089	0	0
110	4789	17090	0	0
111	4785	17091	0	0
112	4787	17092	0	0
113	4784	17093	0	0
114	4784	17094	0	0
115	4786	17095	0	0
116	4774	17096	0	0
117	4781	17097	0	0
118	4775	17098	0	0
119	4772	17099	0	0
120	4775	17100	0	0
121	4775	17101	0	0
122	4776	17102	0	0
123	4774	17103	0	0
124	4772	17104	0	0
125	4780	17105	0	0
126	4772	17106	0	0
127	4778	17107	0	0
128	4771	17108	0	0
129	4778	17109	0	0
130	4777	17110	0	0
131	4781	17111	0	0
132	4779	17112	0	0
133	4773	17113	0	0
134	4776	17114	0	0
135	4782	17115	0	0
136	4772	17116	0	0
137	4778	17117	0	0
138	4776	17118	0	0
139	4771	17119	0	0
140	4778	17120	0	0
141	4777	17121	0	0
142	4784	17122	0	0
143	4773	17123	0	0
144	4776	17124	0	0
145	4781	17125	0	0
146	4776	17126	0	0
147	4776	17127	0	0
148	4772	17128	0	0
149	4772	17129	0	0
150	4779	17130	0	0
151	4775	17131	0	0
152	4783	17132	0	0
153	4778	17133	0	0
154	4774	17134	0	0
155	4777	17135	0	0
156	4773	17136	0	0
157	4781	17137	0	0
158	4773	17138	0	0
159	4781	17139	0	0
160	4775	17140	0	0
161	4777	17141	0	0
162	4780	17142	0	0
163	4774	17143	0	0
164	4779	17144	0	0
165	4781	17145	0	0
166	4777	17146	0	0
167	4780	17147	0	0
168	4777	17148	0	0
169	4777	17149	0	0
170	4780	17150	0	0
171	4775	17151	0	0
172	4781	17152	0	0
173	4776	17153	0	0
174	4776	17154	0	0
175	4783	17155	0	0
176	4774	17156	0	0
177	4780	17157	0	0
178	4774	17158	0	0
179	4776	17159	0	0
180	4778	17160	0	0
181	4781	17161	0	0
182	4778	17162	0	0
183	4775	17163	0	0
184	4774	17164	0	0
185	4776	17165	0	0
186	4782	17166	0	0
187	4775	17167	0	0
188	4776	17168	0	0
189	4779	17169	0	0
190	4776	17170	0	0
191	4775	17171	0	0
192	4779	17172	0	0
193	4770	17173	0	0
194	4778	17174	0	0
195	4778	17175	0	0
196	4769	17176	0	0
197	4781	17177	0	0
198	4778	17178	0	0
199	4777	17179	0	0
200	4779	17180	0	0
201	4782	17181	0	0
202	4774	17182	0	0
203	4776	17183	0	0
204	4774	17184	0	0
205	4781	17185	0	0
206	4774	17186	0	0
207	4781	17187	0	0
208	4777	17188	0	0
209	4776	17189	0	0
210	4780	17190	0	0
211	4774	17191	0	0
212	4776	17192	0	0
213	4775	17193	0	0
214	4777	17194	0	0
215	4772	17195	0	0
216	4773	17196	0	0
217	4781	17197	0	0
218	4771	17198	0	0
219	4780	17199	0	0
220	4774	17200	0	0
221	4768	17201	0	0
222	4779	17202	0	0
223	4776	17203	0	0
224	4771	17204	0	0
225	4783	17205	0	0
226	4777	17206	0	0
227	4779	17207	0	0
228	4774	17208	0	0
229	4775	17209	0	0
230	4782	17210	0	0
231	4772	17211	0	0
232	4775	17212	0	0
233	4775	17213	0	0
234	4776	17214	0	0
235	4780	17215	0	0
236	4777	17216	0	0
237	4777	17217	0	0
238	4775	17218	0	0
239	4772	17219	0	0
240	4773	17220	0	0
241	4775	17221	0	0
242	4778	17222	0	0
243	4773	17223	0	0
244	4776	17224	0	0
245	4777	17225	0	0
246	4771	17226	0	0
247	4777	17227	0	0
248	4775	17228	0	0
249	4774	17229	0	0
250	4779	17230	0	0
251	4770	17231	0	0
252	4782	17232	0	0
253	4779	17233	0	0
254	4774	17234	0	0
255	4776	17235	0	1
