isamp	adc	time	tot	eoe
0	4779	14476	0	0
1	4776	14477	0	0
2	4780	14478	0	0
3	4774	14479	0	0
4	4777	14480	0	0
5	4776	14481	0	0
6	4776	14482	0	0
7	4776	14483	0	0
8	4775	14484	0	0
9	4776	14485	0	0
10	4780	14486	0	0
11	4773	14487	0	0
12	4778	14488	0	0
13	4771	14489	0	0
14	4778	14490	0	0
15	4772	14491	0	0
16	4775	14492	0	0
17	4779	14493	0	0
18	4775	14494	0	0
19	4777	14495	0	0
20	4773	14496	0	0
21	4780	14497	0	0
22	4775	14498	0	0
23	4772	14499	0	0
24	4777	14500	0	0
25	4777	14501	0	0
26	4770	14502	0	0
27	4777	14503	0	0
28	4776	14504	0	0
29	4777	14505	0	0
30	4775	14506	0	0
31	4772	14507	0	0
32	4775	14508	0	0
33	4777	14509	0	0
34	4777	14510	0	0
35	4774	14511	0	0
36	4776	14512	0	0
37	4780	14513	0	0
38	4772	14514	0	0
39	4778	14515	0	0
40	4770	14516	0	0
41	4776	14517	0	0
42	4778	14518	0	0
43	4770	14519	0	0
44	4776	14520	0	0
45	4777	14521	0	0
46	4774	14522	0	0
47	4778	14523	0	0
48	4771	14524	0	0
49	4777	14525	0	0
50	4773	14526	0	0
51	4775	14527	0	0
52	4776	14528	0	0
53	4772	14529	0	0
54	4778	14530	0	0
55	4776	14531	0	0
56	4779	14532	0	0
57	4779	14533	0	0
58	4775	14534	0	0
59	4780	14535	0	0
60	4777	14536	0	0
61	4775	14537	0	0
62	4780	14538	0	0
63	4773	14539	0	0
64	4777	14540	0	0
65	4772	14541	0	0
66	4778	14542	0	0
67	4777	14543	0	0
68	4773	14544	0	0
69	4785	14545	0	0
70	4772	14546	0	0
71	4778	14547	0	0
72	4778	14548	0	0
73	4771	14549	0	0
74	4781	14550	0	0
75	4772	14551	0	0
76	4774	14552	0	0
77	4776	14553	0	0
78	4779	14554	0	0
79	4777	14555	0	0
80	4773	14556	0	0
81	4777	14557	0	0
82	4778	14558	0	0
83	4774	14559	0	0
84	4779	14560	0	0
85	4833	14561	0	0
86	5015	14562	0	0
87	5278	14563	0	0
88	5448	14564	0	0
89	5544	14565	0	0
90	5547	14566	0	0
91	5420	14567	0	0
92	5269	14568	0	0
93	5164	14569	0	0
94	5071	14570	0	0
95	4986	14571	0	0
96	4938	14572	0	0
97	4896	14573	0	0
98	4853	14574	0	0
99	4838	14575	0	0
100	4820	14576	0	0
101	4816	14577	0	0
102	4808	14578	0	0
103	4799	14579	0	0
104	4797	14580	0	0
105	4805	14581	0	0
106	4807	14582	0	0
107	4799	14583	0	0
108	4787	14584	0	0
109	4787	14585	0	0
110	4780	14586	0	0
111	4777	14587	0	0
112	4779	14588	0	0
113	4776	14589	0	0
114	4776	14590	0	0
115	4776	14591	0	0
116	4776	14592	0	0
117	4777	14593	0	0
118	4775	14594	0	0
119	4779	14595	0	0
120	4773	14596	0	0
121	4776	14597	0	0
122	4776	14598	0	0
123	4777	14599	0	0
124	4775	14600	0	0
125	4776	14601	0	0
126	4777	14602	0	0
127	4777	14603	0	0
128	4769	14604	0	0
129	4782	14605	0	0
130	4773	14606	0	0
131	4774	14607	0	0
132	4777	14608	0	0
133	4775	14609	0	0
134	4778	14610	0	0
135	4774	14611	0	0
136	4770	14612	0	0
137	4777	14613	0	0
138	4777	14614	0	0
139	4777	14615	0	0
140	4777	14616	0	0
141	4773	14617	0	0
142	4781	14618	0	0
143	4772	14619	0	0
144	4775	14620	0	0
145	4775	14621	0	0
146	4778	14622	0	0
147	4778	14623	0	0
148	4774	14624	0	0
149	4780	14625	0	0
150	4772	14626	0	0
151	4776	14627	0	0
152	4778	14628	0	0
153	4774	14629	0	0
154	4778	14630	0	0
155	4773	14631	0	0
156	4772	14632	0	0
157	4776	14633	0	0
158	4774	14634	0	0
159	4778	14635	0	0
160	4773	14636	0	0
161	4776	14637	0	0
162	4782	14638	0	0
163	4774	14639	0	0
164	4775	14640	0	0
165	4774	14641	0	0
166	4775	14642	0	0
167	4778	14643	0	0
168	4774	14644	0	0
169	4778	14645	0	0
170	4772	14646	0	0
171	4776	14647	0	0
172	4778	14648	0	0
173	4776	14649	0	0
174	4779	14650	0	0
175	4774	14651	0	0
176	4778	14652	0	0
177	4776	14653	0	0
178	4772	14654	0	0
179	4780	14655	0	0
180	4774	14656	0	0
181	4777	14657	0	0
182	4777	14658	0	0
183	4772	14659	0	0
184	4778	14660	0	0
185	4773	14661	0	0
186	4776	14662	0	0
187	4778	14663	0	0
188	4775	14664	0	0
189	4777	14665	0	0
190	4773	14666	0	0
191	4775	14667	0	0
192	4779	14668	0	0
193	4773	14669	0	0
194	4777	14670	0	0
195	4773	14671	0	0
196	4774	14672	0	0
197	4775	14673	0	0
198	4777	14674	0	0
199	4774	14675	0	0
200	4771	14676	0	0
201	4776	14677	0	0
202	4776	14678	0	0
203	4776	14679	0	0
204	4775	14680	0	0
205	4770	14681	0	0
206	4777	14682	0	0
207	4772	14683	0	0
208	4773	14684	0	0
209	4775	14685	0	0
210	4772	14686	0	0
211	4774	14687	0	0
212	4779	14688	0	0
213	4772	14689	0	0
214	4778	14690	0	0
215	4774	14691	0	0
216	4777	14692	0	0
217	4779	14693	0	0
218	4772	14694	0	0
219	4777	14695	0	0
220	4775	14696	0	0
221	4776	14697	0	0
222	4780	14698	0	0
223	4775	14699	0	0
224	4775	14700	0	0
225	4772	14701	0	0
226	4775	14702	0	0
227	4776	14703	0	0
228	4775	14704	0	0
229	4778	14705	0	0
230	4775	14706	0	0
231	4773	14707	0	0
232	4769	14708	0	0
233	4776	14709	0	0
234	4780	14710	0	0
235	4776	14711	0	0
236	4774	14712	0	0
237	4778	14713	0	0
238	4772	14714	0	0
239	4779	14715	0	0
240	4771	14716	0	0
241	4773	14717	0	0
242	4774	14718	0	0
243	4771	14719	0	0
244	4776	14720	0	0
245	4776	14721	0	0
246	4777	14722	0	0
247	4779	14723	0	0
248	4775	14724	0	0
249	4777	14725	0	0
250	4777	14726	0	0
251	4773	14727	0	0
252	4774	14728	0	0
253	4772	14729	0	0
254	4783	14730	0	0
255	4774	14731	0	1
