isamp	adc	time	tot	eoe
0	4775	22720	0	0
1	4777	22721	0	0
2	4774	22722	0	0
3	4780	22723	0	0
4	4774	22724	0	0
5	4781	22725	0	0
6	4782	22726	0	0
7	4769	22727	0	0
8	4783	22728	0	0
9	4774	22729	0	0
10	4776	22730	0	0
11	4782	22731	0	0
12	4780	22732	0	0
13	4773	22733	0	0
14	4775	22734	0	0
15	4775	22735	0	0
16	4779	22736	0	0
17	4773	22737	0	0
18	4780	22738	0	0
19	4780	22739	0	0
20	4779	22740	0	0
21	4778	22741	0	0
22	4774	22742	0	0
23	4780	22743	0	0
24	4776	22744	0	0
25	4778	22745	0	0
26	4777	22746	0	0
27	4776	22747	0	0
28	4779	22748	0	0
29	4772	22749	0	0
30	4778	22750	0	0
31	4776	22751	0	0
32	4773	22752	0	0
33	4780	22753	0	0
34	4773	22754	0	0
35	4773	22755	0	0
36	4782	22756	0	0
37	4774	22757	0	0
38	4779	22758	0	0
39	4778	22759	0	0
40	4774	22760	0	0
41	4782	22761	0	0
42	4777	22762	0	0
43	4780	22763	0	0
44	4776	22764	0	0
45	4777	22765	0	0
46	4779	22766	0	0
47	4776	22767	0	0
48	4776	22768	0	0
49	4778	22769	0	0
50	4778	22770	0	0
51	4776	22771	0	0
52	4777	22772	0	0
53	4781	22773	0	0
54	4778	22774	0	0
55	4777	22775	0	0
56	4775	22776	0	0
57	4776	22777	0	0
58	4781	22778	0	0
59	4777	22779	0	0
60	4776	22780	0	0
61	4774	22781	0	0
62	4777	22782	0	0
63	4777	22783	0	0
64	4771	22784	0	0
65	4776	22785	0	0
66	4780	22786	0	0
67	4781	22787	0	0
68	4778	22788	0	0
69	4775	22789	0	0
70	4779	22790	0	0
71	4781	22791	0	0
72	4772	22792	0	0
73	4779	22793	0	0
74	4777	22794	0	0
75	4777	22795	0	0
76	4776	22796	0	0
77	4773	22797	0	0
78	4778	22798	0	0
79	4777	22799	0	0
80	4778	22800	0	0
81	4782	22801	0	0
82	4775	22802	0	0
83	4779	22803	0	0
84	4793	22804	0	0
85	4899	22805	0	0
86	5150	22806	0	0
87	5340	22807	0	0
88	5373	22808	0	0
89	5353	22809	0	0
90	5303	22810	0	0
91	5228	22811	0	0
92	5146	22812	0	0
93	5076	22813	0	0
94	4989	22814	0	0
95	4920	22815	0	0
96	4875	22816	0	0
97	4840	22817	0	0
98	4823	22818	0	0
99	4829	22819	0	0
100	4824	22820	0	0
101	4814	22821	0	0
102	4799	22822	0	0
103	4795	22823	0	0
104	4782	22824	0	0
105	4790	22825	0	0
106	4788	22826	0	0
107	4790	22827	0	0
108	4793	22828	0	0
109	4797	22829	0	0
110	4792	22830	0	0
111	4790	22831	0	0
112	4786	22832	0	0
113	4790	22833	0	0
114	4783	22834	0	0
115	4779	22835	0	0
116	4781	22836	0	0
117	4773	22837	0	0
118	4780	22838	0	0
119	4775	22839	0	0
120	4772	22840	0	0
121	4784	22841	0	0
122	4777	22842	0	0
123	4776	22843	0	0
124	4773	22844	0	0
125	4773	22845	0	0
126	4779	22846	0	0
127	4770	22847	0	0
128	4776	22848	0	0
129	4777	22849	0	0
130	4778	22850	0	0
131	4774	22851	0	0
132	4775	22852	0	0
133	4777	22853	0	0
134	4775	22854	0	0
135	4773	22855	0	0
136	4778	22856	0	0
137	4777	22857	0	0
138	4777	22858	0	0
139	4774	22859	0	0
140	4776	22860	0	0
141	4781	22861	0	0
142	4775	22862	0	0
143	4777	22863	0	0
144	4774	22864	0	0
145	4773	22865	0	0
146	4781	22866	0	0
147	4772	22867	0	0
148	4777	22868	0	0
149	4776	22869	0	0
150	4774	22870	0	0
151	4776	22871	0	0
152	4776	22872	0	0
153	4778	22873	0	0
154	4774	22874	0	0
155	4773	22875	0	0
156	4778	22876	0	0
157	4775	22877	0	0
158	4781	22878	0	0
159	4777	22879	0	0
160	4777	22880	0	0
161	4781	22881	0	0
162	4775	22882	0	0
163	4778	22883	0	0
164	4777	22884	0	0
165	4777	22885	0	0
166	4781	22886	0	0
167	4777	22887	0	0
168	4778	22888	0	0
169	4773	22889	0	0
170	4781	22890	0	0
171	4780	22891	0	0
172	4774	22892	0	0
173	4780	22893	0	0
174	4772	22894	0	0
175	4776	22895	0	0
176	4782	22896	0	0
177	4774	22897	0	0
178	4780	22898	0	0
179	4778	22899	0	0
180	4775	22900	0	0
181	4782	22901	0	0
182	4775	22902	0	0
183	4782	22903	0	0
184	4773	22904	0	0
185	4776	22905	0	0
186	4781	22906	0	0
187	4775	22907	0	0
188	4778	22908	0	0
189	4776	22909	0	0
190	4778	22910	0	0
191	4781	22911	0	0
192	4774	22912	0	0
193	4781	22913	0	0
194	4778	22914	0	0
195	4779	22915	0	0
196	4784	22916	0	0
197	4775	22917	0	0
198	4780	22918	0	0
199	4777	22919	0	0
200	4777	22920	0	0
201	4782	22921	0	0
202	4775	22922	0	0
203	4777	22923	0	0
204	4777	22924	0	0
205	4775	22925	0	0
206	4779	22926	0	0
207	4777	22927	0	0
208	4779	22928	0	0
209	4777	22929	0	0
210	4779	22930	0	0
211	4779	22931	0	0
212	4775	22932	0	0
213	4777	22933	0	0
214	4776	22934	0	0
215	4776	22935	0	0
216	4780	22936	0	0
217	4775	22937	0	0
218	4780	22938	0	0
219	4775	22939	0	0
220	4776	22940	0	0
221	4778	22941	0	0
222	4775	22942	0	0
223	4782	22943	0	0
224	4774	22944	0	0
225	4778	22945	0	0
226	4781	22946	0	0
227	4772	22947	0	0
228	4777	22948	0	0
229	4779	22949	0	0
230	4780	22950	0	0
231	4779	22951	0	0
232	4774	22952	0	0
233	4779	22953	0	0
234	4773	22954	0	0
235	4775	22955	0	0
236	4779	22956	0	0
237	4776	22957	0	0
238	4782	22958	0	0
239	4771	22959	0	0
240	4777	22960	0	0
241	4782	22961	0	0
242	4777	22962	0	0
243	4779	22963	0	0
244	4774	22964	0	0
245	4782	22965	0	0
246	4778	22966	0	0
247	4769	22967	0	0
248	4780	22968	0	0
249	4775	22969	0	0
250	4778	22970	0	0
251	4783	22971	0	0
252	4772	22972	0	0
253	4780	22973	0	0
254	4774	22974	0	0
255	4773	22975	0	1
