isamp	adc	time	tot	eoe
0	4776	57808	0	0
1	4776	57809	0	0
2	4773	57810	0	0
3	4775	57811	0	0
4	4776	57812	0	0
5	4776	57813	0	0
6	4780	57814	0	0
7	4774	57815	0	0
8	4778	57816	0	0
9	4775	57817	0	0
10	4772	57818	0	0
11	4778	57819	0	0
12	4766	57820	0	0
13	4784	57821	0	0
14	4771	57822	0	0
15	4775	57823	0	0
16	4777	57824	0	0
17	4774	57825	0	0
18	4779	57826	0	0
19	4772	57827	0	0
20	4780	57828	0	0
21	4779	57829	0	0
22	4774	57830	0	0
23	4777	57831	0	0
24	4772	57832	0	0
25	4777	57833	0	0
26	4777	57834	0	0
27	4776	57835	0	0
28	4777	57836	0	0
29	4773	57837	0	0
30	4776	57838	0	0
31	4776	57839	0	0
32	4772	57840	0	0
33	4777	57841	0	0
34	4777	57842	0	0
35	4775	57843	0	0
36	4778	57844	0	0
37	4772	57845	0	0
38	4778	57846	0	0
39	4773	57847	0	0
40	4774	57848	0	0
41	4781	57849	0	0
42	4774	57850	0	0
43	4779	57851	0	0
44	4775	57852	0	0
45	4777	57853	0	0
46	4779	57854	0	0
47	4777	57855	0	0
48	4779	57856	0	0
49	4773	57857	0	0
50	4778	57858	0	0
51	4773	57859	0	0
52	4773	57860	0	0
53	4779	57861	0	0
54	4775	57862	0	0
55	4777	57863	0	0
56	4780	57864	0	0
57	4774	57865	0	0
58	4781	57866	0	0
59	4774	57867	0	0
60	4774	57868	0	0
61	4779	57869	0	0
62	4773	57870	0	0
63	4777	57871	0	0
64	4775	57872	0	0
65	4779	57873	0	0
66	4782	57874	0	0
67	4776	57875	0	0
68	4777	57876	0	0
69	4777	57877	0	0
70	4774	57878	0	0
71	4781	57879	0	0
72	4774	57880	0	0
73	4777	57881	0	0
74	4775	57882	0	0
75	4776	57883	0	0
76	4777	57884	0	0
77	4775	57885	0	0
78	4774	57886	0	0
79	4775	57887	0	0
80	4772	57888	0	0
81	4777	57889	0	0
82	4771	57890	0	0
83	4781	57891	0	0
84	4771	57892	0	0
85	4778	57893	0	0
86	4794	57894	0	0
87	4852	57895	0	0
88	5064	57896	0	0
89	5289	57897	0	0
90	5405	57898	0	0
91	5429	57899	0	0
92	5378	57900	0	0
93	5328	57901	0	0
94	5241	57902	0	0
95	5135	57903	0	0
96	5033	57904	0	0
97	4946	57905	0	0
98	4885	57906	0	0
99	4857	57907	0	0
100	4842	57908	0	0
101	4837	57909	0	0
102	4819	57910	0	0
103	4808	57911	0	0
104	4801	57912	0	0
105	4800	57913	0	0
106	4799	57914	0	0
107	4796	57915	0	0
108	4797	57916	0	0
109	4788	57917	0	0
110	4786	57918	0	0
111	4785	57919	0	0
112	4782	57920	0	0
113	4788	57921	0	0
114	4785	57922	0	0
115	4782	57923	0	0
116	4785	57924	0	0
117	4791	57925	0	0
118	4792	57926	0	0
119	4790	57927	0	0
120	4784	57928	0	0
121	4793	57929	0	0
122	4777	57930	0	0
123	4780	57931	0	0
124	4779	57932	0	0
125	4775	57933	0	0
126	4782	57934	0	0
127	4778	57935	0	0
128	4784	57936	0	0
129	4783	57937	0	0
130	4781	57938	0	0
131	4782	57939	0	0
132	4775	57940	0	0
133	4780	57941	0	0
134	4774	57942	0	0
135	4778	57943	0	0
136	4779	57944	0	0
137	4771	57945	0	0
138	4780	57946	0	0
139	4771	57947	0	0
140	4778	57948	0	0
141	4777	57949	0	0
142	4770	57950	0	0
143	4777	57951	0	0
144	4777	57952	0	0
145	4776	57953	0	0
146	4779	57954	0	0
147	4774	57955	0	0
148	4775	57956	0	0
149	4779	57957	0	0
150	4777	57958	0	0
151	4780	57959	0	0
152	4769	57960	0	0
153	4777	57961	0	0
154	4772	57962	0	0
155	4774	57963	0	0
156	4775	57964	0	0
157	4780	57965	0	0
158	4779	57966	0	0
159	4771	57967	0	0
160	4777	57968	0	0
161	4777	57969	0	0
162	4772	57970	0	0
163	4778	57971	0	0
164	4773	57972	0	0
165	4778	57973	0	0
166	4779	57974	0	0
167	4771	57975	0	0
168	4779	57976	0	0
169	4771	57977	0	0
170	4772	57978	0	0
171	4776	57979	0	0
172	4771	57980	0	0
173	4779	57981	0	0
174	4772	57982	0	0
175	4774	57983	0	0
176	4774	57984	0	0
177	4774	57985	0	0
178	4777	57986	0	0
179	4778	57987	0	0
180	4773	57988	0	0
181	4776	57989	0	0
182	4774	57990	0	0
183	4776	57991	0	0
184	4774	57992	0	0
185	4778	57993	0	0
186	4777	57994	0	0
187	4775	57995	0	0
188	4773	57996	0	0
189	4777	57997	0	0
190	4773	57998	0	0
191	4781	57999	0	0
192	4775	58000	0	0
193	4777	58001	0	0
194	4777	58002	0	0
195	4775	58003	0	0
196	4779	58004	0	0
197	4775	58005	0	0
198	4778	58006	0	0
199	4773	58007	0	0
200	4775	58008	0	0
201	4782	58009	0	0
202	4775	58010	0	0
203	4782	58011	0	0
204	4775	58012	0	0
205	4777	58013	0	0
206	4775	58014	0	0
207	4773	58015	0	0
208	4777	58016	0	0
209	4773	58017	0	0
210	4780	58018	0	0
211	4773	58019	0	0
212	4776	58020	0	0
213	4777	58021	0	0
214	4769	58022	0	0
215	4778	58023	0	0
216	4776	58024	0	0
217	4775	58025	0	0
218	4771	58026	0	0
219	4774	58027	0	0
220	4777	58028	0	0
221	4779	58029	0	0
222	4772	58030	0	0
223	4775	58031	0	0
224	4772	58032	0	0
225	4772	58033	0	0
226	4774	58034	0	0
227	4771	58035	0	0
228	4779	58036	0	0
229	4774	58037	0	0
230	4777	58038	0	0
231	4779	58039	0	0
232	4776	58040	0	0
233	4778	58041	0	0
234	4774	58042	0	0
235	4774	58043	0	0
236	4775	58044	0	0
237	4772	58045	0	0
238	4776	58046	0	0
239	4772	58047	0	0
240	4777	58048	0	0
241	4772	58049	0	0
242	4775	58050	0	0
243	4776	58051	0	0
244	4770	58052	0	0
245	4777	58053	0	0
246	4776	58054	0	0
247	4772	58055	0	0
248	4775	58056	0	0
249	4771	58057	0	0
250	4776	58058	0	0
251	4777	58059	0	0
252	4769	58060	0	0
253	4778	58061	0	0
254	4774	58062	0	0
255	4773	58063	0	1
