isamp	adc	time	tot	eoe
0	4772	20452	0	0
1	4780	20453	0	0
2	4781	20454	0	0
3	4778	20455	0	0
4	4782	20456	0	0
5	4774	20457	0	0
6	4777	20458	0	0
7	4784	20459	0	0
8	4772	20460	0	0
9	4776	20461	0	0
10	4777	20462	0	0
11	4779	20463	0	0
12	4772	20464	0	0
13	4775	20465	0	0
14	4777	20466	0	0
15	4773	20467	0	0
16	4774	20468	0	0
17	4778	20469	0	0
18	4772	20470	0	0
19	4777	20471	0	0
20	4775	20472	0	0
21	4778	20473	0	0
22	4775	20474	0	0
23	4773	20475	0	0
24	4776	20476	0	0
25	4775	20477	0	0
26	4775	20478	0	0
27	4778	20479	0	0
28	4773	20480	0	0
29	4778	20481	0	0
30	4774	20482	0	0
31	4773	20483	0	0
32	4779	20484	0	0
33	4772	20485	0	0
34	4780	20486	0	0
35	4775	20487	0	0
36	4773	20488	0	0
37	4779	20489	0	0
38	4777	20490	0	0
39	4779	20491	0	0
40	4770	20492	0	0
41	4782	20493	0	0
42	4776	20494	0	0
43	4775	20495	0	0
44	4781	20496	0	0
45	4775	20497	0	0
46	4775	20498	0	0
47	4779	20499	0	0
48	4774	20500	0	0
49	4781	20501	0	0
50	4772	20502	0	0
51	4781	20503	0	0
52	4780	20504	0	0
53	4774	20505	0	0
54	4781	20506	0	0
55	4774	20507	0	0
56	4772	20508	0	0
57	4777	20509	0	0
58	4771	20510	0	0
59	4775	20511	0	0
60	4774	20512	0	0
61	4775	20513	0	0
62	4778	20514	0	0
63	4776	20515	0	0
64	4779	20516	0	0
65	4773	20517	0	0
66	4775	20518	0	0
67	4773	20519	0	0
68	4778	20520	0	0
69	4779	20521	0	0
70	4772	20522	0	0
71	4773	20523	0	0
72	4776	20524	0	0
73	4775	20525	0	0
74	4779	20526	0	0
75	4772	20527	0	0
76	4772	20528	0	0
77	4780	20529	0	0
78	4773	20530	0	0
79	4775	20531	0	0
80	4778	20532	0	0
81	4771	20533	0	0
82	4776	20534	0	0
83	4776	20535	0	0
84	4769	20536	0	0
85	4782	20537	0	0
86	4772	20538	0	0
87	4795	20539	0	0
88	4901	20540	0	0
89	5133	20541	0	0
90	5336	20542	0	0
91	5427	20543	0	0
92	5431	20544	0	0
93	5385	20545	0	0
94	5278	20546	0	0
95	5139	20547	0	0
96	5041	20548	0	0
97	4977	20549	0	0
98	4926	20550	0	0
99	4886	20551	0	0
100	4851	20552	0	0
101	4838	20553	0	0
102	4820	20554	0	0
103	4803	20555	0	0
104	4805	20556	0	0
105	4804	20557	0	0
106	4806	20558	0	0
107	4807	20559	0	0
108	4798	20560	0	0
109	4804	20561	0	0
110	4796	20562	0	0
111	4798	20563	0	0
112	4792	20564	0	0
113	4787	20565	0	0
114	4784	20566	0	0
115	4779	20567	0	0
116	4775	20568	0	0
117	4779	20569	0	0
118	4776	20570	0	0
119	4775	20571	0	0
120	4772	20572	0	0
121	4774	20573	0	0
122	4776	20574	0	0
123	4778	20575	0	0
124	4781	20576	0	0
125	4772	20577	0	0
126	4778	20578	0	0
127	4777	20579	0	0
128	4772	20580	0	0
129	4781	20581	0	0
130	4770	20582	0	0
131	4777	20583	0	0
132	4777	20584	0	0
133	4775	20585	0	0
134	4775	20586	0	0
135	4776	20587	0	0
136	4775	20588	0	0
137	4780	20589	0	0
138	4776	20590	0	0
139	4780	20591	0	0
140	4775	20592	0	0
141	4775	20593	0	0
142	4780	20594	0	0
143	4772	20595	0	0
144	4772	20596	0	0
145	4778	20597	0	0
146	4775	20598	0	0
147	4779	20599	0	0
148	4772	20600	0	0
149	4780	20601	0	0
150	4771	20602	0	0
151	4777	20603	0	0
152	4779	20604	0	0
153	4773	20605	0	0
154	4779	20606	0	0
155	4776	20607	0	0
156	4770	20608	0	0
157	4779	20609	0	0
158	4775	20610	0	0
159	4778	20611	0	0
160	4774	20612	0	0
161	4776	20613	0	0
162	4782	20614	0	0
163	4774	20615	0	0
164	4776	20616	0	0
165	4779	20617	0	0
166	4774	20618	0	0
167	4776	20619	0	0
168	4773	20620	0	0
169	4771	20621	0	0
170	4777	20622	0	0
171	4774	20623	0	0
172	4772	20624	0	0
173	4778	20625	0	0
174	4777	20626	0	0
175	4771	20627	0	0
176	4779	20628	0	0
177	4778	20629	0	0
178	4773	20630	0	0
179	4779	20631	0	0
180	4774	20632	0	0
181	4777	20633	0	0
182	4775	20634	0	0
183	4773	20635	0	0
184	4776	20636	0	0
185	4774	20637	0	0
186	4775	20638	0	0
187	4775	20639	0	0
188	4769	20640	0	0
189	4778	20641	0	0
190	4774	20642	0	0
191	4775	20643	0	0
192	4780	20644	0	0
193	4773	20645	0	0
194	4775	20646	0	0
195	4777	20647	0	0
196	4775	20648	0	0
197	4777	20649	0	0
198	4780	20650	0	0
199	4776	20651	0	0
200	4777	20652	0	0
201	4777	20653	0	0
202	4779	20654	0	0
203	4772	20655	0	0
204	4775	20656	0	0
205	4775	20657	0	0
206	4775	20658	0	0
207	4775	20659	0	0
208	4774	20660	0	0
209	4777	20661	0	0
210	4773	20662	0	0
211	4777	20663	0	0
212	4775	20664	0	0
213	4772	20665	0	0
214	4779	20666	0	0
215	4775	20667	0	0
216	4776	20668	0	0
217	4779	20669	0	0
218	4775	20670	0	0
219	4776	20671	0	0
220	4769	20672	0	0
221	4775	20673	0	0
222	4773	20674	0	0
223	4774	20675	0	0
224	4778	20676	0	0
225	4774	20677	0	0
226	4771	20678	0	0
227	4777	20679	0	0
228	4768	20680	0	0
229	4777	20681	0	0
230	4773	20682	0	0
231	4773	20683	0	0
232	4776	20684	0	0
233	4772	20685	0	0
234	4775	20686	0	0
235	4776	20687	0	0
236	4773	20688	0	0
237	4781	20689	0	0
238	4770	20690	0	0
239	4780	20691	0	0
240	4774	20692	0	0
241	4778	20693	0	0
242	4778	20694	0	0
243	4770	20695	0	0
244	4774	20696	0	0
245	4780	20697	0	0
246	4774	20698	0	0
247	4776	20699	0	0
248	4774	20700	0	0
249	4782	20701	0	0
250	4779	20702	0	0
251	4781	20703	0	0
252	4776	20704	0	0
253	4775	20705	0	0
254	4779	20706	0	0
255	4777	20707	0	1
